177.833
177.167
176.167
175.833
177.833
177.167
176.167
175.667
175.500
175.667
176.500
176.833
178.667
178.833
179.167
179.667
180.000
180.167
180.333
180.500
182.667
180.333
178.500
178.167
179.833
181.667
183.167
183.667
182.333
181.833
181.167
180.667
180.833
181.167
182.167
182.667
182.667
182.667
182.500
182.500
182.333
182.167
182.167
182.000
180.667
181.333
182.000
182.500
182.833
183.000
183.667
184.000
184.833
184.167
183.500
183.167
183.333
184.500
186.000
186.667
185.000
185.000
185.167
185.667
186.000
186.167
186.500
186.500
187.333
186.667
186.167
186.000
186.500
187.000
187.833
188.333
189.333
189.833
190.500
191.000
191.167
190.667
190.000
189.833
187.667
188.167
188.667
189.500
189.167
189.500
190.000
190.333
188.167
188.167
189.167
190.000
191.000
191.500
192.000
192.500
191.000
191.167
191.167
191.167
191.333
191.667
191.667
191.500
194.000
193.333
192.167
191.500
190.833
191.000
191.333
191.667
190.500
191.167
192.000
192.667
193.000
193.000
192.500
191.833
196.000
195.500
194.500
193.833
194.000
194.833
195.500
196.333
193.833
193.167
192.000
191.167
191.167
191.833
192.833
193.500
194.167
194.333
194.667
195.167
195.500
195.667
195.667
195.667
194.667
194.667
195.000
195.167
195.333
195.000
195.500
195.333
197.500
184.667
175.000
175.167
178.000
177.333
176.167
176.833
175.500
175.500
175.500
175.667
175.833
176.000
176.000
176.000
176.333
176.167
176.333
176.500
176.833
177.000
177.167
177.000
176.500
177.500
178.500
177.833
176.833
176.500
177.667
179.000
176.500
177.000
177.833
178.500
178.667
178.167
177.667
177.167
177.000
177.667
177.667
175.667
173.500
172.167
170.333
169.000
149.667