89.000
88.500
87.333
93.500
120.667
135.000
139.000
135.333
129.833
114.333
101.833
104.333
97.667
95.333
92.500
89.833
88.833
89.667
90.500
91.167
90.000
89.667
89.833
90.333
91.333
91.500
91.833
92.000
90.833
91.500
93.000
93.333
92.667
90.833
89.333
88.000
87.167
87.167
86.500
86.167
85.500
85.167
85.000
85.000
86.333
86.333
86.333
86.167
85.333
84.000
82.500
81.833
78.333
78.167
76.333
74.833
79.000
85.000
87.167
85.833
95.667
100.000
102.833
103.333
106.500
112.000
116.167
117.000
120.500
128.833
138.333
146.333
154.667
157.667
151.333
141.333
137.167
150.333
196.667
194.333
207.000
208.500
208.667
206.167
199.833
202.000
201.333
197.833
197.167
200.000
200.833
199.333
202.667
204.667
205.500
205.500
207.000
210.167
211.000
209.833
212.000
212.500
213.000
212.500
206.667
196.500
183.167
173.167
162.833
138.667
127.500
123.167
107.333
96.500
89.000
77.167
67.167
62.500
54.500
47.167
45.000
46.167
47.000
45.500
40.833
44.500
45.667
42.167
40.000
42.000
44.833
46.167
42.500
46.167
50.167
52.500
54.167
55.167
55.167
54.333
46.500
52.833
60.000
62.167
59.833
56.667
55.833
56.833
54.167
54.833
56.833
57.167
54.667
50.833
49.167
49.000
36.500
37.167
38.167
39.167
39.833
39.500
38.667
38.000
35.833
37.167
38.667
39.833
40.333
41.167
41.500
42.167
43.833
44.667
45.500
46.167
46.000
45.167
45.167
45.000
48.333
47.667
46.500
46.333
46.667
47.500
48.000
48.333
47.500
48.167
49.000
49.167
48.667
46.833
44.667
43.167
42.500
40.667
38.833
37.667
37.167
37.500
37.667
37.667
39.667