23.667
23.000
22.333
22.167
24.667
26.833
28.167
25.667
22.667
20.833
20.333
20.333
22.000
23.000
23.667
23.833
23.333
23.167
23.667
25.333
28.500
29.000
29.833
29.833
31.000
34.333
35.500
35.333
35.500
35.667
34.833
33.333
37.667
49.833
64.167
64.500
58.833
58.667
48.500
41.000
47.667
50.667
52.833
63.667
69.833
53.833
49.500
47.333
50.667
56.833
57.167
55.000
39.833
36.333
35.500
35.500
46.500
47.500
48.833
47.000
43.500
35.167
30.500
38.833
41.500
45.000
36.167
53.667
72.333
66.333
56.333
51.500
41.333
35.333
35.833
35.667
38.500
44.333
45.500
40.333
42.333
44.833
49.333
51.833
53.000
65.500
64.500
58.333
52.833
53.500
52.833
54.833
58.167
74.167
75.667
75.667
70.333
68.667
76.333
71.167
69.833
69.333
61.500
56.333
60.833
68.667
79.000
88.167
69.833
45.167
38.333
35.833
40.333
44.000
55.333
70.333
54.667
30.667
28.000
36.333
44.333
62.167
73.000
52.667
29.333
23.833
20.667
20.000
18.833
18.333
17.000
14.333
11.833
9.333
8.167
7.333
5.833
5.833
6.500
5.667
6.333
6.167
7.000
6.167
6.500
8.833
8.667
5.500
6.000
5.833
5.833
5.667
5.667
6.333
7.167
7.500
7.833
7.667
7.500
7.667
7.833
7.833
8.500
9.500
10.500
11.500
11.667
17.167
14.167
13.667
15.167
16.000
17.333
18.667
19.667
21.500
22.667
23.333
23.500
24.500
30.500
41.167
38.500
36.667
32.833
29.167
28.333
28.333
28.833
30.167
33.000
32.833
29.833
27.833
28.167
28.833
27.833
27.667
27.333
27.333
27.333
26.833
26.500
26.833
26.667