81.971
83.559
83.971
83.647
86.118
86.441
87.676
89.412
90.794
89.941
89.882
83.088
86.412
108.206
132.676
142.559
147.500
154.471
163.000
166.676
168.000
157.000
160.118
162.618
169.235
177.029
179.647
183.824
189.735
190.147
197.676
202.824
214.176
216.265
217.412
217.529
219.735
219.676
221.412
221.794
222.559
221.971
219.471
220.559
223.647
227.794
230.294
230.706
230.971
231.412
231.588
232.176
233.000
233.059
232.794
232.647
231.618
231.294
230.882
231.059
231.206
231.147
230.206
229.824
229.147
228.647
228.471
228.118
227.765
227.382
225.912
225.882
223.529
223.500
219.265
217.676
214.941
214.324
212.118
210.853
206.529
204.618
204.853
205.294
206.147
206.382
208.118
209.176
211.559
211.853
213.176
213.853
215.265
215.294
215.382
215.088
214.265
214.000
216.706
216.588
214.529
212.500
207.676
206.088
202.941
199.853
198.324
199.088
197.618
197.029
197.206
197.382
193.382
191.676
192.088
195.471
196.176
194.029
196.294
196.882
195.206
194.000
191.706
192.059
190.647
191.353
189.000
187.559
180.912
178.382
176.765
174.529
173.088
169.529
163.912
163.441
163.941
161.059
154.382
154.088
153.059
152.176
148.500
142.441
137.176
134.029
125.235
116.176
113.206
115.853
113.382
111.706
108.353
107.794
105.529
107.618
107.735
106.147
102.824
101.971
99.941
98.941
102.088
112.059
112.500
112.853
106.971
110.824
114.147
113.059
108.176
107.853
108.529
113.118
118.088
117.382
124.265
128.118
129.853
130.147
129.529
131.147
133.441
139.000
138.794
140.176
140.294
139.176
134.794
134.235
131.206
120.441
113.647
113.441
101.353
94.588
97.853
111.500
114.735
110.529
105.824
100.029
90.588