253.000
253.000
253.000
253.000
253.000
253.000
253.000
253.000
253.000
253.000
253.000
253.000
253.000
253.000
253.000
253.000
253.000
253.000
253.000
253.000
253.000
252.833
252.833
252.833
252.500
252.833
252.667
252.333
252.333
252.333
252.333
252.333
252.000
252.167
252.167
252.000
252.000
251.500
251.667
252.333
252.833
252.500
251.000
249.333
245.500
239.667
231.500
217.167
206.167
203.000
199.667
196.167
201.833
209.333
218.333
227.667
236.833
243.500
245.333
244.833
247.333
246.833
246.833
247.167
245.500
240.833
236.667
235.000
236.167
227.500
226.167
207.500
200.333
203.167
185.500
181.333
176.167
165.167
155.167
152.167
150.000
146.667
146.000
148.000
147.167
148.000
147.833
146.833
145.667
144.500
142.500
140.667
128.667
128.667
128.000
126.833
125.500
124.833
125.333
125.667
127.000
127.167
127.333
127.167
126.833
126.833
127.000
127.000
122.500
122.167
122.333
122.333
123.500
124.333
125.667
126.333
127.167
126.000
124.500
123.000
122.167
122.000
122.000
122.000
119.167
121.500
124.167
124.333
123.667
123.833
126.833
129.667
126.833
129.167
133.000
136.333
138.333
139.000
139.000
138.833
138.500
140.500
141.333
139.000
136.000
136.833
141.667
146.667
150.000
137.167
147.667
160.667
177.333
167.500
203.333
202.500
218.000
224.000
233.167
241.167
243.833
244.000
244.333
245.333
245.333
245.500
244.667
241.000
233.333
226.500
225.000
227.000
226.333
227.833
229.500
230.000
232.000
237.500
245.000
250.333
253.000
253.000
253.000
253.000
253.000
253.000
253.000
253.000
253.000
253.000
253.000
253.000
253.000
253.000
253.000
253.000
253.000
253.000
253.000
253.000
253.000
253.000
253.000
253.000
253.000