6.176
6.500
7.324
7.706
7.853
8.088
8.500
8.794
9.765
9.882
9.618
9.676
10.294
10.382
10.118
10.412
10.471
11.941
12.559
10.765
10.529
10.235
10.441
10.471
13.000
12.088
10.941
12.147
11.059
10.353
12.176
12.235
10.353
9.529
9.647
9.471
10.500
11.000
7.794
8.118
6.353
6.559
7.941
9.382
10.912
8.794
8.324
9.500
11.382
12.324
11.000
14.794
13.029
10.059
10.559
7.559
11.265
7.441
10.088
12.118
9.794
7.382
10.559
12.441
14.971
11.412
9.882
11.206
11.206
16.029
21.618
22.500
18.000
20.000
15.912
15.000
13.824
17.353
15.029
15.324
13.118
13.412
12.941
10.559
9.618
9.382
9.029
9.824
10.882
10.882
11.441
14.265
12.588
10.735
10.088
9.588
9.618
10.441
10.500
9.059
8.588
8.588
8.853
8.206
7.235
6.941
6.588
6.676
7.559
8.676
6.706
6.000
5.294
5.324
5.176
4.941
4.853
4.912
4.941
6.618
6.235
4.647
4.206
4.235
4.176
4.059
3.912
3.853
3.676
3.618
3.471
3.324
2.853
2.765
2.735
2.676
2.676
2.676
2.706
2.735
2.882
3.000
2.676
2.676
2.706
2.735
2.824
2.824
2.794
2.794
2.735
2.706
2.676
2.647
2.676
2.735
2.765
2.882
2.882
2.941
3.059
3.088
3.088
3.147
3.235
3.265
3.765
3.706
3.588
3.735
4.029
4.206
4.412
4.529
4.676
4.588
4.647
4.794
4.912
4.971
4.853
4.765
4.500
4.441
4.353
4.265
4.206
4.235
4.412
4.324
3.941
3.971
3.824
3.794
3.882
3.971
4.029
4.059
4.176
4.059
3.971
4.059
3.971