3.250
3.250
3.500
3.250
3.250
3.750
4.000
4.750
5.000
5.750
5.750
6.750
6.750
6.500
6.250
6.000
5.750
5.250
5.500
6.750
6.750
6.750
6.250
6.250
5.750
5.500
5.250
5.750
5.500
5.750
6.000
6.000
6.250
8.000
10.250
6.000
7.500
10.250
10.000
5.500
5.500
8.750
9.000
7.000
7.000
3.250
4.000
6.500
6.000
9.250
4.750
4.250
2.000
5.250
13.250
14.000
6.750
2.000
2.750
10.500
8.500
4.000
1.750
1.500
3.750
4.500
2.000
3.500
1.500
3.250
3.500
3.250
11.250
13.000
3.250
4.000
4.000
3.250
3.750
3.750
3.250
4.000
4.000
3.750
4.250
3.000
3.000
3.500
7.000
9.250
11.750
4.750
4.750
4.750
4.500
4.000
4.000
3.500
3.500
3.250
12.500
8.000
3.250
3.500
2.500
5.500
2.000
3.250
4.000
7.750
7.750
3.750
2.750
3.500
2.750
2.750
2.000
2.000
2.250
2.250
2.000
2.000
2.750
2.000
2.250
2.250
2.000
1.750
1.750
2.000
2.250
2.250
2.500
2.000
2.000
2.000
2.000
2.000
2.000
2.000
2.000
2.250
2.750
2.750
2.750
3.000
2.750
2.250
2.500
2.500
2.500
2.500
2.250
2.750
3.000
3.000
3.000
3.000
2.750
2.500
2.000
2.250
2.000
3.500
4.250
4.250
4.750
6.500
6.750
6.500