3.250
3.250
3.250
4.500
4.500
5.000
5.250
6.250
7.250
8.500
9.000
9.250
9.750
10.250
9.250
8.750
7.250
6.750
6.250
9.250
10.250
11.000
11.500
13.250
15.000
16.500
17.500
19.250
20.250
20.750
20.500
19.250
18.500
18.250
17.750
18.000
18.250
24.000
23.500
16.000
15.500
15.000
15.000
14.000
14.000
13.750
19.750
13.500
14.000
14.250
19.500
17.000
22.000
10.500
10.000
7.250
15.000
5.000
4.500
4.000
4.250
4.750
3.750
4.000
4.500
5.000
6.500
3.500
4.250
4.250
9.250
4.750
5.500
4.500
5.500
5.250
5.250
6.750
6.750
6.750
6.750
8.250
15.500
22.500
23.500
22.750
22.250
25.750
33.500
39.000
41.000
9.000
9.000
6.000
4.750
5.250
4.250
3.500
4.500
10.000
14.500
12.250
8.500
4.250
4.500
3.750
2.500
2.250
4.000
2.500
3.000
2.500
3.250
2.250
3.000
2.750
3.000
3.000
3.500
3.500
2.000
2.250
2.500
2.750
2.500
2.250
2.250
2.250
2.250
3.000
3.250
2.250
2.250
2.250
2.250
2.250
2.500
2.500
2.750
2.750
3.000
2.750
2.750
3.750
3.500
3.000
3.250
2.750
2.250
3.000
3.000
3.000
3.250
4.000
2.750
3.000
3.000
2.500
3.000
3.500
4.000
4.750
5.000
5.500
5.500
5.500
5.500
6.000
6.000
6.000