14.500
15.250
16.000
17.250
17.250
19.500
20.000
20.000
20.250
20.250
21.250
24.500
24.000
26.000
26.750
29.000
29.750
34.500
35.750
38.750
35.500
36.500
37.750
39.500
43.250
44.500
43.000
44.500
45.750
43.250
45.250
48.000
50.000
49.500
59.500
51.500
56.500
66.000
62.000
63.250
66.500
64.000
70.250
83.250
67.750
68.250
88.000
93.000
87.000
72.500
70.000
82.000
92.500
91.500
100.500
111.750
102.750
104.500
109.250
110.250
110.750
68.250
45.500
82.500
88.000
65.000
63.500
69.000
104.500
90.750
82.750
80.250
84.250
98.750
79.000
76.000
95.750
113.000
110.500
118.500
111.500
89.500
79.250
128.000
139.500
138.250
151.500
135.500
117.250
124.750
132.500
129.000
130.750
136.500
128.250
129.250
91.750
86.000
94.750
112.750
102.500
92.250
93.750
95.500
106.750
113.750
113.250
102.000
83.000
70.250
83.500
87.500
101.250
81.250
89.000
84.500
61.250
45.250
44.750
42.000
68.500
67.000
46.000
26.750
31.500
16.000
13.000
13.750
11.000
25.250
10.000
13.000
12.500
10.000
11.500
10.000
20.250
10.250
11.750
11.000
10.250
11.000
11.500
11.000
10.500
11.750
11.500
11.750
11.500
12.750
14.500
15.750
15.500
16.250
16.500
17.000
18.250
18.000
18.750
19.750
20.750
22.000
21.500
22.750
24.750
23.750
24.000
25.750
32.250
32.500