58.353
59.029
62.441
63.118
64.676
65.706
67.294
67.088
66.618
67.441
67.382
67.294
71.647
74.118
80.735
80.029
81.824
85.147
90.118
90.382
89.206
87.824
98.088
103.441
105.824
109.000
111.559
108.206
106.382
111.912
115.647
120.735
135.059
144.735
153.971
156.176
154.147
148.794
146.941
150.412
155.353
155.500
156.941
157.235
162.647
167.794
168.882
169.118
171.000
171.000
171.294
168.676
167.500
172.735
172.029
170.676
167.294
164.529
166.324
167.206
171.618
172.706
168.235
165.500
165.735
169.000
172.118
172.765
173.676
170.382
165.971
165.735
167.294
167.235
167.088
160.235
158.471
157.765
155.647
153.471
147.588
151.735
151.882
153.059
143.971
142.294
145.147
150.941
158.471
161.382
160.647
158.971
159.382
161.971
164.235
169.147
162.824
162.412
162.353
159.235
154.029
143.441
138.147
139.471
139.059
136.412
127.941
122.500
121.206
125.471
123.676
123.471
125.853
122.824
123.471
123.324
116.941
115.647
113.118
111.294
104.382
103.382
104.735
107.824
111.353
110.529
103.382
91.824
92.794
94.235
84.059
74.618
72.029
72.882
73.206
72.471
65.853
57.882
52.529
52.206
50.471
47.941
47.529
42.588
37.382
38.294
36.412
34.412
29.853
30.324
28.088
29.265
26.588
25.971
26.941
28.176
26.235
26.500
24.353
23.794
24.471
24.559
27.059
27.353
27.824
27.941
29.941
31.235
32.676
29.324
29.882
30.412
30.912
33.176
30.294
30.824
30.941
31.265
32.500
32.765
32.471
28.412
28.500
31.029
33.235
35.794
33.176
30.676
31.353
30.941
28.471
28.912
29.588
29.588
28.559
27.441
27.412
27.676
27.029
27.382
28.853
29.912
29.353