123.833
90.833
43.333
34.333
37.167
35.500
36.000
36.167
34.667
35.167
36.333
36.000
37.500
38.500
40.333
41.333
42.167
43.000
44.167
44.667
41.833
48.000
58.000
68.667
77.833
85.667
91.500
94.500
93.833
94.833
96.000
96.667
96.167
95.167
94.167
93.667
95.333
84.500
73.667
69.000
65.500
59.500
53.333
50.000
46.167
43.000
39.333
38.000
38.833
40.000
40.667
40.000
40.333
40.500
40.500
39.833
39.167
39.000
39.500
40.167
39.667
40.167
41.167
42.500
44.000
46.333
48.500
49.667
51.000
53.833
56.333
56.000
53.167
50.500
50.333
51.000
51.500
51.833
52.833
53.333
54.000
54.000
53.667
53.667
52.667
53.167
53.667
54.333
55.167
55.833
56.333
56.833
53.833
57.500
60.500
60.000
58.333
58.833
63.000
67.167
71.500
72.667
74.167
75.833
77.333
77.833
78.000
77.667
75.500
75.667
75.500
75.667
75.167
74.500
74.000
73.833
74.833
77.667
84.500
89.667
85.833
77.833
78.000
83.667
86.667
85.667
84.333
83.167
82.833
83.333
84.500
85.500
87.333
87.333
87.333
86.833
86.167
84.833
83.333
82.000
80.167
79.833
79.333
78.833
78.667
79.000
79.500
79.833
80.833
83.667
94.000
103.833
99.833
86.167
78.167
79.667
78.333
78.333
77.000
74.667
71.500
67.667
64.000
62.000
59.333
53.333
46.500
43.333
44.500
46.667
47.333
46.667
48.333
48.000
48.333
49.000
48.167
46.000
44.500
43.833
46.500
44.333
44.167
45.833
47.500
48.333
51.333
54.167
51.000
52.167
53.833
55.667
57.000
58.167
59.333
60.333
61.500
61.500
61.333
61.000
60.500
59.667
59.333
58.667
54.167