49.167
49.333
49.333
49.000
51.167
51.333
51.833
52.333
53.167
53.167
53.167
53.333
53.667
53.500
52.500
50.667
47.833
44.667
42.000
40.667
39.500
40.167
39.000
36.667
34.667
33.000
32.000
31.167
31.667
31.833
32.333
32.000
31.667
31.333
30.833
31.167
32.500
31.000
30.500
33.333
36.833
38.667
37.667
35.333
35.333
35.667
36.500
37.333
38.500
39.333
40.167
40.167
46.333
47.333
49.000
50.333
50.833
51.000
50.833
50.500
53.000
56.500
58.500
57.833
59.333
62.000
62.500
60.833
63.333
61.833
60.833
62.167
65.333
68.167
70.000
70.167
75.833
75.000
73.167
71.167
71.667
76.167
83.000
88.500
78.333
69.000
68.667
69.667
68.500
79.000
92.167
92.500
109.667
131.167
146.167
153.333
157.500
149.000
139.667
142.333
138.833
137.167
135.500
135.000
136.333
137.500
137.833
137.667
129.333
132.833
133.000
130.167
130.167
133.000
133.333
131.500
131.167
129.333
129.833
128.333
129.833
128.000
139.167
152.333
197.833
185.833
191.333
190.500
208.167
206.833
148.500
92.833
82.667
35.500
52.500
51.500
59.500
55.500
64.333
64.667
65.000
69.500
74.000
76.833
79.333
83.333
87.167
89.167
93.167
99.000
100.167
98.833
98.000
92.000
86.667
88.667
88.000
87.000
87.500
90.000
91.000
89.000
87.167
86.833
88.833
86.833
85.167
84.500
85.667
87.000
87.833
88.167
87.500
92.667
96.167
97.500
100.500
101.667
100.167
99.333
104.000
101.333
100.500
103.500
107.833
108.500
105.500
102.667
102.000
104.500
105.167
100.667
94.333
93.500
100.333
108.500
105.000
99.667
97.500
99.667
99.500
96.333
96.833
100.833
97.000