31.500
30.125
27.875
28.375
27.875
26.375
23.500
22.000
22.125
23.000
27.375
29.125
31.500
33.125
34.625
37.750
42.000
45.500
46.250
47.625
49.375
50.375
51.000
51.875
53.000
54.000
54.000
54.000
53.500
52.625
51.250
49.500
48.250
47.500
46.875
45.375
43.500
41.625
40.125
38.625
36.875
35.625
32.250
26.250
24.250
24.875
25.875
30.875
34.750
32.250
39.125
39.125
40.375
43.500
47.250
49.875
50.125
49.375
51.000
51.125
51.000
51.125
51.375
51.625
52.250
52.500
52.000
52.500
53.125
52.750
52.250
52.125
52.625
53.375
54.625
54.625
55.250
56.125
55.625
53.250
49.500
46.750
46.500
45.125
43.625
43.250
43.750
43.750
43.125
42.125
42.750
43.000
43.625
44.125
43.625
42.750
41.875
41.750
43.000
41.375
39.875
39.875
40.250
38.625
34.875
31.500
29.750
28.625
26.750
25.250
24.750
26.375
29.125
31.500
29.625
27.375
25.250
24.125
23.875
22.625
19.875
17.250
14.750
13.750
12.375
11.125
10.625
10.250
10.625
10.750
11.125
11.125
11.250
11.250
11.250
11.250
11.625
11.625
11.375
11.375
11.375
11.375
11.375
11.375
11.375
11.375
11.125
11.250
11.500
11.625
11.750
12.125
12.250
12.250
13.125
13.000
13.750
14.125
15.000
15.375
16.000
15.625
17.375
17.250
17.125
17.125
17.500
18.875
20.750
22.500
25.375
18.500
59.625
59.125
62.375
84.375
123.125
139.625
124.750
139.375
133.750
132.750
186.625
196.750
181.500
197.250
229.000
223.125
228.250
238.875
243.750
245.250
245.875
247.750
249.500
251.500
253.000
253.875
253.375
253.375
254.000
254.625
255.000
255.000
255.000
255.000
255.000
255.000
255.000
255.000
255.000
255.000
255.000
255.000
255.000
255.000
255.000
255.000
253.625
254.500
252.125
165.000
151.000
146.875