2.000
2.000
2.000
2.000
2.000
2.000
2.000
2.000
2.000
2.000
2.000
2.000
2.000
2.000
2.167
2.000
1.833
2.167
3.000
4.000
2.000
2.000
2.000
2.167
2.167
2.500
2.500
2.667
2.833
2.833
2.833
2.833
2.833
2.833
2.833
2.833
1.833
1.833
2.000
2.000
2.000
1.833
1.833
1.667
1.833
2.000
2.333
2.500
2.500
2.500
2.500
2.167
2.500
2.000
2.000
2.000
2.333
2.333
2.000
2.000
2.000
2.333
3.333
4.500
3.667
2.333
2.667
3.667
2.667
2.667
2.667
2.833
2.833
2.667
2.667
2.667
2.667
2.500
3.667
11.333
3.667
4.333
3.000
4.000
2.833
5.333
6.167
4.000
2.833
3.500
3.833
3.667
4.833
8.000
9.500
7.167
4.333
3.833
3.833
4.167
3.500
3.500
3.667
3.667
3.667
3.667
3.667
3.667
3.167
3.167
3.167
2.833
2.667
2.500
2.333
2.333
2.000
2.167
2.167
2.333
2.333
2.500
2.167
2.167
2.000
2.500
3.167
3.167
2.667
2.667
3.000
3.500
3.000
3.000
3.000
3.000
3.000
3.000
3.000
3.000
3.000
3.000
3.500
3.500
3.500
3.167
3.000
3.000
2.667
2.667
2.667
2.500
2.500
2.333
2.167
2.167
2.000
2.000
2.000
2.667
3.000
3.000
3.000
3.000
3.167
3.000
3.167
3.167
3.167
3.500
3.667
3.833
3.667
3.667
3.500
3.667
4.000
4.500
4.667
5.167
5.000
5.500
6.167
6.333
6.500
6.833
7.667
8.167
9.833
10.333
10.833
10.667
9.667
9.167
9.167
9.500
9.167
8.833
8.667
8.167
8.333
8.167
8.000
8.167
7.667