57.167
55.333
53.667
52.667
48.667
49.167
48.833
47.500
45.333
44.333
45.333
46.833
42.167
45.500
46.833
43.000
38.000
36.000
36.500
38.000
39.500
38.167
37.333
35.333
33.833
36.333
40.167
40.833
39.333
40.667
41.500
40.500
38.667
37.667
39.000
40.667
41.500
42.333
43.167
44.333
45.333
46.500
47.667
48.333
49.167
48.833
48.667
49.333
50.500
51.833
52.833
53.500
55.500
56.333
56.667
56.167
56.167
57.000
57.167
56.833
56.833
57.333
57.667
58.500
59.000
59.333
59.500
59.333
57.833
56.667
56.833
59.333
61.167
59.833
54.667
49.667
47.167
44.167
39.833
36.833
34.833
32.833
30.833
29.000
27.167
26.667
25.667
24.833
24.833
24.833
25.333
25.333
29.333
29.167
29.833
31.667
33.667
34.667
34.000
32.667
33.833
33.667
33.000
32.333
32.333
35.000
38.167
41.333
45.500
48.833
53.167
55.500
54.667
54.333
57.167
60.833
60.333
59.833
59.333
58.833
58.000
57.667
57.333
57.333
55.333
53.167
50.500
49.500
49.333
48.167
45.833
43.833
42.500
42.000
40.500
38.167
35.667
33.333
30.333
27.833
26.667
26.167
25.833
25.333
25.000
25.000
25.000
25.000
24.167
24.000
24.000
24.833
25.833
26.500
26.667
26.667
25.667
25.667
25.833
26.167
26.500
27.333
27.333
27.333
28.833
29.167
29.833
30.667
31.333
32.167
33.000
33.000
33.500
33.667
33.833
34.167
34.167
34.500
35.333
36.000
31.667
31.167
30.167
29.833
29.167
29.167
29.000
28.500
29.167
30.000
30.500
31.167
31.833
32.333
32.833
33.167
33.333
32.167
30.500
29.333
28.833
29.333
30.167
30.667
32.167