27.875
26.125
19.125
18.250
16.500
15.000
15.000
17.250
21.125
24.000
31.250
33.250
35.500
38.250
40.750
43.000
45.125
47.000
48.875
49.750
51.625
53.375
54.500
54.625
54.375
54.000
55.625
54.125
52.125
51.375
51.375
50.750
48.875
47.125
47.250
45.375
43.000
41.250
40.000
38.750
37.250
36.000
30.375
28.875
25.125
19.625
15.125
14.125
16.000
18.125
21.375
21.375
24.500
28.750
30.875
30.625
30.875
32.250
37.125
37.250
37.625
37.750
37.875
38.000
37.625
37.625
37.875
38.000
38.375
38.250
38.000
38.000
38.125
38.500
39.375
39.625
39.500
38.625
38.375
38.875
40.000
41.000
40.875
40.750
40.875
41.375
41.875
42.625
43.250
43.875
42.500
43.250
44.750
44.625
44.125
44.500
45.625
46.875
48.125
48.000
47.750
47.750
47.750
47.875
48.250
48.375
49.750
49.625
49.875
49.375
49.125
48.625
48.250
48.000
47.250
47.000
47.250
47.375
47.250
46.375
44.750
43.250
42.250
34.125
27.625
26.000
23.625
20.875
24.000
30.000
34.750
37.875
42.875
46.250
44.875
41.125
39.750
40.875
41.375
38.000
34.375
30.875
25.375
19.125
15.000
14.250
11.750
11.750
11.625
11.500
11.250
11.125
11.125
11.125
11.750
11.750
11.750
11.375
11.375
11.000
11.000
11.000
12.000
12.000
12.000
12.000
12.000
12.000
12.000
12.000
13.125
11.375
13.000
15.000
14.625
16.000
18.125
17.250
17.000
16.875
19.250
22.000
21.375
21.750
29.625
39.750
36.500
33.375
31.000
33.750
41.125
51.250
60.750
66.875
95.500
109.875
153.625
172.750
206.750
210.375
243.250
248.375
253.000
249.375
253.750
253.500
248.750
238.125
208.750
194.500
158.125
164.000
164.125
156.250
150.375
151.125
152.125
150.375
151.250
151.375
151.125
150.875
150.750
150.625