53.833
50.167
48.167
48.667
49.667
50.333
51.667
52.167
52.667
52.500
52.667
52.833
55.000
54.333
56.500
56.167
58.000
60.500
60.333
62.000
65.333
65.167
64.167
64.333
67.167
62.500
61.167
62.000
70.333
73.333
80.000
100.833
82.167
77.167
83.167
95.167
109.333
109.833
109.167
99.500
87.833
91.667
108.833
126.833
109.667
108.500
107.500
103.833
98.000
95.333
94.333
88.167
81.000
87.000
95.167
100.000
94.167
96.500
83.667
87.333
83.167
89.167
79.667
83.167
101.667
114.333
90.333
88.833
101.000
97.000
98.000
94.833
91.000
86.000
82.500
83.833
89.833
92.333
89.000
89.500
90.833
90.167
108.667
113.333
123.833
126.833
99.167
96.333
98.167
106.833
113.500
117.500
117.667
115.833
108.500
110.833
124.333
132.167
118.333
116.833
113.500
112.500
107.167
105.000
104.333
114.833
103.667
99.333
104.167
101.833
103.000
104.667
117.667
116.500
117.000
111.667
108.333
112.667
107.500
112.500
103.833
92.000
91.500
87.500
89.500
90.167
77.667
83.167
85.667
78.333
73.167
80.500
73.500
56.667
47.500
46.667
45.500
45.167
45.167
38.667
37.333
33.167
39.667
45.000
29.167
26.500
26.667
27.167
27.667
21.667
18.667
19.167
18.167
18.000
17.500
15.833
17.000
17.667
19.000
21.500
23.833
22.000
24.833
25.833
30.500
38.167
40.667
43.500
50.000
50.167
53.500
49.667
46.500
35.000
34.333
32.667
33.667
37.667
43.833
44.333
44.500
38.167
36.833
34.167
32.500
36.833
40.667
36.000
31.167
37.333
69.000
72.833
71.500
70.000
57.333
66.333
59.667
49.667
45.833
42.833
51.833
45.000
34.333
29.833
29.167